-3.099477849900722504e-03
-4.285466391593217850e-03
-7.480629719793796539e-03
-1.223664823919534683e-02
-1.799171231687068939e-02
-2.472639083862304688e-02
-3.130930289626121521e-02
-3.649098426103591919e-02
-3.815623000264167786e-02
-3.667298704385757446e-02
-3.354928642511367798e-02
-3.032685071229934692e-02
-2.684205956757068634e-02
-2.156118676066398621e-02
-7.099233567714691162e-03
1.724203489720821381e-02
1.929291151463985443e-02
2.158491499722003937e-02
2.127282693982124329e-02
1.566177047789096832e-02
4.599101375788450241e-03
-3.900529118254780769e-03
-1.326575130224227905e-02
-2.374789491295814514e-02
-3.430244699120521545e-02
-4.467428848147392273e-02
-5.546385794878005981e-02
-6.658326089382171631e-02
-7.632115483283996582e-02
-8.476618677377700806e-02
