1.527863293886184692e-01
9.859193861484527588e-02
2.332409024238586426e-01
-9.384422898292541504e-01
-2.427203655242919922e-01
-4.091373980045318604e-01
-3.727826774120330811e-01
-5.058516860008239746e-01
-1.519419699907302856e-01
-5.735051631927490234e-01
-1.030008554458618164e+00
-2.376804351806640625e-01
-5.298504233360290527e-01
1.869848370552062988e-01
-7.200316190719604492e-01
5.027543753385543823e-02
-4.153829813003540039e-01
-6.222434341907501221e-02
3.003923296928405762e-01
-3.711742162704467773e-02
