-1.510114371776580811e-01 1.071058735251426697e-01 -1.165421083569526672e-01 3.225691914558410645e-01 -2.352201491594314575e-01 -4.139001667499542236e-01 -2.514898031949996948e-02 3.371997177600860596e-01 -2.528468966484069824e-01 -1.403652876615524292e-01 1.888770461082458496e-01 1.843833178281784058e-01 -8.362100273370742798e-02 1.758586168289184570e-01 -4.249771311879158020e-02 -5.485780835151672363e-01 5.549921095371246338e-02 -9.643172621726989746e-01 -1.665956526994705200e-01 -5.569412708282470703e-01
1.140083819627761841e-01 2.046395093202590942e-01 -7.182362675666809082e-01 -2.274805009365081787e-01 -1.807001829147338867e-01 -8.517932891845703125e-01 3.726918101310729980e-01 4.309218749403953552e-02 -2.873888611793518066e-01 -5.145460963249206543e-01 1.135384738445281982e-01 -3.390303552150726318e-01 1.358414590358734131e-01 -3.294642269611358643e-01 6.484244763851165771e-02 -1.396731436252593994e-01 -2.365617603063583374e-01 -2.007311582565307617e-01 -3.553403019905090332e-01 5.754104852676391602e-01
-4.648945331573486328e-01 -3.807590007781982422e-01 -3.388965427875518799e-01 1.260029673576354980e-01 -1.427753716707229614e-01 9.807473421096801758e-02 1.703138351440429688e-01 -9.123838692903518677e-02 -6.168245077133178711e-01 2.511563003063201904e-01 8.456894755363464355e-02 -3.129942342638969421e-02 -2.108451277017593384e-01 -3.946503400802612305e-01 -1.388153731822967529e-01 -1.449080556631088257e-01 -6.942398846149444580e-02 -2.154902368783950806e-01 -5.881727859377861023e-02 -3.010142147541046143e-01
2.272429317235946655e-01 -1.149427652359008789e+00 -1.617352962493896484e-01 6.033391878008842468e-02 -5.417391657829284668e-01 -2.256277054548263550e-01 -6.948333978652954102e-02 1.518726497888565063e-01 -1.743965148925781250e-01 -3.461680933833122253e-02 -7.503552362322807312e-03 -2.572833895683288574e-01 1.189239472150802612e-01 -5.485053639858961105e-03 1.422318220138549805e-01 1.781217157840728760e-01 2.643998265266418457e-01 -2.071336954832077026e-01 -1.413751579821109772e-02 9.134075045585632324e-02
-6.109614968299865723e-01 -3.181079626083374023e-01 2.083093971014022827e-01 -1.793424226343631744e-02 -4.313829913735389709e-02 -8.423711173236370087e-03 -2.567146718502044678e-01 2.980325520038604736e-01 -4.694024026393890381e-01 -3.754794895648956299e-01 -4.756433069705963135e-01 3.179116845130920410e-01 7.427030056715011597e-02 2.644144594669342041e-01 8.705365657806396484e-02 1.369600445032119751e-01 2.117315381765365601e-01 -1.334313154220581055e-01 -3.779027760028839111e-01 1.895174384117126465e-01
-9.629394114017486572e-02 2.361647933721542358e-01 8.068269491195678711e-02 -3.749102354049682617e-01 -5.707220435142517090e-01 -1.208259463310241699e-01 -3.211939632892608643e-01 -5.545660853385925293e-02 -3.317553400993347168e-01 4.254167377948760986e-01 -1.237182840704917908e-01 9.337929077446460724e-04 -1.638201624155044556e-01 -2.455432862043380737e-01 -2.201577462255954742e-02 1.311277747154235840e-01 -5.253030732274055481e-02 -1.287703868001699448e-02 -1.339272707700729370e-01 -1.078220844268798828e+00
-2.976010441780090332e-01 -7.211526036262512207e-01 -3.083789050579071045e-01 1.390499919652938843e-01 -1.461764097213745117e+00 -2.196036875247955322e-01 -3.519186750054359436e-02 -2.559391967952251434e-02 6.116033345460891724e-02 -6.713717430830001831e-02 4.020741209387779236e-02 4.517627358436584473e-01 -1.526530925184488297e-02 -4.000714123249053955e-01 1.286581009626388550e-01 -2.681103646755218506e-01 -3.719104826450347900e-01 -1.898507475852966309e-01 -5.421165227890014648e-01 -2.994939684867858887e-01
1.622865200042724609e-01 -6.916697025299072266e-01 -3.498729551210999489e-03 1.893118768930435181e-01 -6.316135525703430176e-01 1.668324321508407593e-01 2.657264471054077148e-01 -4.756259322166442871e-01 3.329004719853401184e-02 3.134236037731170654e-01 1.037624701857566833e-01 1.892443746328353882e-01 -2.485246211290359497e-01 2.041772305965423584e-01 3.100718930363655090e-02 1.851200163364410400e-01 1.001136749982833862e-01 -2.550815343856811523e-01 -2.889650464057922363e-01 -5.576498508453369141e-01
-3.654591143131256104e-01 -5.209401249885559082e-01 -9.829652309417724609e-01 -6.093189120292663574e-01 -2.850160896778106689e-01 3.542581498622894287e-01 -2.039255499839782715e-01 3.312307596206665039e-01 -1.199910998344421387e+00 -4.626666605472564697e-01 4.119262099266052246e-01 -4.443420171737670898e-01 4.474429413676261902e-02 -4.231907427310943604e-01 3.753101825714111328e-01 -3.692919313907623291e-01 -1.655938476324081421e-02 -1.073495298624038696e-01 -3.547340929508209229e-01 4.357563853263854980e-01
1.121550649404525757e-01 -2.820429205894470215e-01 5.109696462750434875e-02 -1.526594310998916626e-01 -1.029121801257133484e-01 -7.532509565353393555e-01 -9.015318006277084351e-02 -1.437672674655914307e-01 -1.014071032404899597e-01 -6.162018775939941406e-01 -5.576625466346740723e-01 -9.601845592260360718e-02 -3.196293413639068604e-01 -2.530828118324279785e-01 -1.119582653045654297e-01 2.534471154212951660e-01 -3.781674802303314209e-01 1.338703930377960205e-01 1.701091416180133820e-02 -1.943175494670867920e-01
3.653407692909240723e-01 1.451769322156906128e-01 5.597713589668273926e-02 3.158331662416458130e-02 7.455858588218688965e-02 6.365689635276794434e-02 -4.763545468449592590e-02 -3.089359998703002930e-01 3.730902373790740967e-01 -3.379253903403878212e-04 -3.135602772235870361e-01 -4.870687052607536316e-02 -1.844427585601806641e-01 8.931048214435577393e-02 2.212930768728256226e-01 8.781226724386215210e-02 -1.952716112136840820e-01 -1.491386592388153076e-01 -3.065973818302154541e-01 -3.398086428642272949e-01
-6.253031492233276367e-01 -4.425969719886779785e-01 -4.102005064487457275e-02 3.448543548583984375e-01 -3.550279438495635986e-01 -2.889139810577034950e-03 -6.670002341270446777e-01 -3.753273785114288330e-01 -1.737011820077896118e-01 -2.019090801477432251e-01 -3.627676963806152344e-01 3.419793844223022461e-01 -6.206184998154640198e-02 1.704117804765701294e-01 -2.194522321224212646e-01 -6.105027347803115845e-02 -1.628061830997467041e-01 -9.024971127510070801e-01 -1.168411225080490112e-01 3.213694393634796143e-01
-1.552883069962263107e-02 -6.123965978622436523e-01 -3.108445107936859131e-01 -5.638349056243896484e-01 3.947920203208923340e-01 -5.037912130355834961e-01 -2.511693239212036133e-01 -1.495191305875778198e-01 2.704480290412902832e-02 -2.430483549833297729e-01 -1.771062910556793213e-01 -7.739415764808654785e-01 5.148102529346942902e-03 -4.186366200447082520e-01 7.064120173454284668e-01 -2.636077404022216797e-01 6.893778592348098755e-02 -2.234553173184394836e-02 -6.045921444892883301e-01 3.291823863983154297e-01
-1.898041069507598877e-01 -6.035203486680984497e-02 -1.538750808686017990e-02 -2.750211656093597412e-01 -6.902810931205749512e-01 3.914484083652496338e-01 -3.672376275062561035e-01 1.297955960035324097e-01 -7.298753261566162109e-01 1.051273848861455917e-02 -1.482935696840286255e-01 -2.247505448758602142e-02 -5.438142418861389160e-01 -6.491475105285644531e-01 -2.614786922931671143e-01 -8.035147562623023987e-03 -2.273707985877990723e-01 -2.098703533411026001e-01 -9.680034220218658447e-02 1.177269443869590759e-01
-8.839913010597229004e-01 -3.731601238250732422e-01 6.302744895219802856e-02 -1.526878587901592255e-02 3.832224011421203613e-01 -3.045010566711425781e-01 2.037631273269653320e-01 1.579449325799942017e-02 8.815608918666839600e-02 2.187522649765014648e-01 1.660337448120117188e-01 2.327392697334289551e-01 -9.311803616583347321e-03 3.498939871788024902e-01 -1.079167500138282776e-01 -8.265644311904907227e-01 -5.477847456932067871e-01 -7.531807422637939453e-01 -3.612037897109985352e-01 -3.019909858703613281e-01
-3.227305114269256592e-01 -4.957883358001708984e-01 -5.975121855735778809e-01 -5.316001176834106445e-01 -7.199515700340270996e-01 -5.749470368027687073e-02 -3.575031459331512451e-02 2.479990869760513306e-01 -1.120414584875106812e-01 -3.252860903739929199e-01 -4.059217870235443115e-01 -2.322801202535629272e-01 -4.960039258003234863e-01 -3.216708600521087646e-01 4.382400512695312500e-01 -2.110251486301422119e-01 -3.873994946479797363e-01 2.673103511333465576e-01 -3.591155409812927246e-01 -2.534972131252288818e-01
-8.909968286752700806e-02 -1.131915211677551270e+00 1.207452937960624695e-01 -2.945618033409118652e-01 -3.483937382698059082e-01 -2.029162496328353882e-01 1.917887926101684570e-01 2.030621618032455444e-01 9.404305368661880493e-02 -2.975493073463439941e-01 -1.098620772361755371e+00 -1.301276776939630508e-02 -4.594835340976715088e-01 -7.801643107086420059e-03 -2.444501519203186035e-01 -3.392645120620727539e-01 -3.664841353893280029e-01 -3.803398907184600830e-01 -4.070066213607788086e-01 -3.681481480598449707e-01
-2.624337375164031982e-01 -4.993855953216552734e-01 -5.607282519340515137e-01 1.559320688247680664e-01 -2.803048193454742432e-01 1.879710704088211060e-01 -3.542072176933288574e-01 7.126374840736389160e-01 2.053094804286956787e-01 -9.677796959877014160e-01 9.823846071958541870e-02 -3.102514743804931641e-01 3.891961276531219482e-02 -3.468316495418548584e-01 1.154918968677520752e-02 2.682249248027801514e-01 -4.428679496049880981e-02 2.846927642822265625e-01 9.030281752347946167e-02 -6.614395976066589355e-01
-8.674895763397216797e-01 1.029981970787048340e-01 -1.821019202470779419e-01 3.437774255871772766e-02 -5.721120238304138184e-01 4.527373611927032471e-02 1.397871226072311401e-01 2.175050079822540283e-01 -9.621994569897651672e-03 3.750729262828826904e-01 -3.283514976501464844e-01 2.688969075679779053e-01 -3.890576660633087158e-01 5.056806281208992004e-02 4.233368486166000366e-02 -6.388441324234008789e-01 -6.992850899696350098e-01 -2.100362479686737061e-01 -2.488704174757003784e-01 -1.398255378007888794e-01
8.528290688991546631e-02 -7.351326942443847656e-02 2.097771465778350830e-01 9.692995995283126831e-02 -7.819570600986480713e-02 -7.034675478935241699e-01 -9.057109802961349487e-02 4.911350011825561523e-01 2.852795124053955078e-01 -2.324960827827453613e-01 -4.168599247932434082e-01 -2.915435731410980225e-01 -4.364415705204010010e-01 -1.740299761295318604e-01 -2.749225199222564697e-01 -3.987896442413330078e-01 3.587954044342041016e-01 -3.680763542652130127e-01 -4.614991843700408936e-01 7.935714721679687500e-02
