1.845976263284683228e-01 3.384603261947631836e-01 -2.346458584070205688e-01 8.415406942367553711e-02 3.244784772396087646e-01 8.587542772293090820e-01 -7.136619184166193008e-03 -4.923434257507324219e-01 -6.445743888616561890e-02 -3.132938742637634277e-01 5.197616815567016602e-01 -2.742414772510528564e-01 2.022521644830703735e-01 -2.348539382219314575e-01 5.402278304100036621e-01 -2.779075503349304199e-01 2.474037408828735352e-01 1.211700681596994400e-02 -2.606562376022338867e-01 -4.600366577506065369e-02
-7.824401855468750000e-01 1.275659799575805664e-01 -7.381703853607177734e-01 -2.567301392555236816e-01 -1.573036424815654755e-02 -3.995714187622070312e-01 -5.392613410949707031e-01 3.036069869995117188e-01 -1.166882067918777466e-01 4.225918650627136230e-01 -8.007258176803588867e-03 -6.218141913414001465e-01 1.965366601943969727e-01 -1.221034601330757141e-01 -5.142532587051391602e-01 4.549812525510787964e-02 1.334899067878723145e-01 -2.514214441180229187e-02 -1.419835686683654785e+00 -1.231144554913043976e-02
-9.817505627870559692e-02 -6.811328530311584473e-01 1.224053055047988892e-01 -4.663150608539581299e-01 2.045470476150512695e-01 -1.821626424789428711e-01 -4.599567055702209473e-01 1.656469404697418213e-01 1.038112640380859375e-01 -7.728285342454910278e-02 8.477250486612319946e-02 8.431179076433181763e-02 3.924187719821929932e-01 -1.327251344919204712e-01 2.196483463048934937e-01 -7.315160706639289856e-03 -3.789756000041961670e-01 -2.317274063825607300e-01 -1.362937837839126587e-01 1.676918864250183105e-01
-1.996334195137023926e-01 -8.744149804115295410e-01 -3.788695633411407471e-01 -1.546913385391235352e-01 -4.897322878241539001e-02 -1.038464531302452087e-01 -4.294781982898712158e-01 2.045839130878448486e-01 -2.415060549974441528e-01 -2.345355302095413208e-01 2.557054460048675537e-01 -1.572116762399673462e-01 2.020197510719299316e-01 -3.707209229469299316e-01 -2.541411221027374268e-01 -7.889469712972640991e-02 1.194847077131271362e-01 -1.872883141040802002e-01 2.166244536638259888e-01 -3.568092286586761475e-01
9.807977825403213501e-02 -7.513449192047119141e-01 -1.556817907840013504e-02 -5.644323304295539856e-02 1.451078653335571289e-01 -2.104213982820510864e-01 -5.071550011634826660e-01 3.566406667232513428e-02 -3.354883491992950439e-01 -2.900992035865783691e-01 -1.250865459442138672e-01 1.311124712228775024e-01 -1.505717933177947998e-01 1.138688549399375916e-01 1.974212676286697388e-01 3.416205942630767822e-01 -4.270986616611480713e-01 -3.229336738586425781e-01 -3.043764270842075348e-02 2.135216742753982544e-01
3.201491534709930420e-01 -8.410099744796752930e-01 -3.282668888568878174e-01 -1.339740604162216187e-01 3.379501402378082275e-01 -7.654577493667602539e-02 -8.884543180465698242e-02 3.208184838294982910e-01 2.021358013153076172e-01 -2.007469981908798218e-01 -1.374461799860000610e-01 -4.359547048807144165e-02 -1.894691139459609985e-01 -1.872836500406265259e-01 -1.491601020097732544e-01 -6.979662179946899414e-02 -3.990192413330078125e-01 -4.460582137107849121e-01 -4.652155041694641113e-01 7.834884524345397949e-02
2.559890151023864746e-01 -6.662093400955200195e-01 -2.977573126554489136e-02 5.739883333444595337e-02 3.121461272239685059e-01 -1.493577361106872559e-01 -1.176889869384467602e-03 -3.156119287014007568e-01 -6.533139944076538086e-02 2.190822362899780273e-01 1.804383397102355957e-01 9.844461828470230103e-02 3.606794476509094238e-01 -1.772102899849414825e-02 1.179483011364936829e-01 3.512046039104461670e-01 5.911388620734214783e-02 -5.587673187255859375e-01 -3.728617429733276367e-01 -3.366120159626007080e-01
2.514618039131164551e-01 -6.987102627754211426e-01 -3.308998644351959229e-01 -5.123726651072502136e-02 1.601356416940689087e-01 -2.480991333723068237e-01 1.131643261760473251e-02 2.453050166368484497e-01 3.309883773326873779e-01 -4.058624207973480225e-01 1.867813058197498322e-02 1.801020801067352295e-01 1.400074511766433716e-01 -3.065316677093505859e-01 -3.884167075157165527e-01 1.072747260332107544e-01 -4.158353507518768311e-01 -3.128733038902282715e-01 6.002709642052650452e-02 -1.301027387380599976e-01
-2.917099595069885254e-01 -6.879380941390991211e-01 -5.213898792862892151e-02 -2.680856287479400635e-01 -1.695785820484161377e-01 -3.200779557228088379e-01 -4.134403467178344727e-01 1.498326510190963745e-01 -3.209700062870979309e-02 -5.394569598138332367e-03 2.061358392238616943e-01 -2.097666710615158081e-01 4.131532311439514160e-01 -1.662708967924118042e-01 -2.572559714317321777e-01 2.229055911302566528e-01 -3.462618589401245117e-01 3.206051290035247803e-01 -4.277717769145965576e-01 1.169811934232711792e-01
2.523959875106811523e-01 -3.442177772521972656e-01 -6.667379289865493774e-02 -4.869558289647102356e-02 2.703911662101745605e-01 1.375610232353210449e-01 -3.904856443405151367e-01 2.799140512943267822e-01 3.844069540500640869e-01 1.204412356019020081e-01 2.042648047208786011e-01 8.267334848642349243e-02 -1.158035174012184143e-01 -8.069086819887161255e-02 -1.366721838712692261e-01 5.242466926574707031e-01 -5.288124680519104004e-01 -6.932943314313888550e-02 -3.180343210697174072e-01 9.395182132720947266e-02
-2.949634194374084473e-01 -2.440586090087890625e-01 3.040832579135894775e-01 -2.113727480173110962e-02 2.890016138553619385e-01 1.084395125508308411e-01 -9.238409250974655151e-02 -1.700549721717834473e-01 -1.905664205551147461e-01 3.669857978820800781e-02 3.223382309079170227e-02 -3.741119205951690674e-01 -1.021207720041275024e-01 -2.397666573524475098e-01 1.945995911955833435e-02 1.555838733911514282e-01 -2.864748537540435791e-01 -5.657535791397094727e-02 -2.440603226423263550e-01 -3.409387767314910889e-01
8.018168061971664429e-02 -3.535149693489074707e-01 2.464182972908020020e-01 2.428081333637237549e-01 -3.721684962511062622e-02 1.138895601034164429e-01 7.403373252600431442e-03 -3.697919547557830811e-01 -1.941914111375808716e-01 -1.238308772444725037e-01 -9.505185484886169434e-02 -8.365257829427719116e-02 2.222899943590164185e-01 -1.211498007178306580e-01 -6.127338111400604248e-02 2.771735489368438721e-01 -2.445737272500991821e-01 2.608348429203033447e-01 -4.495864808559417725e-01 -2.574681639671325684e-01
1.434484720230102539e-01 -6.989601254463195801e-01 3.424172997474670410e-01 3.614748418331146240e-01 -3.843932151794433594e-01 3.089449405670166016e-01 -4.270459711551666260e-01 -1.944897621870040894e-01 9.583736211061477661e-02 -1.461636275053024292e-01 -2.808647044003009796e-02 1.579271070659160614e-02 2.329050898551940918e-01 3.148051500320434570e-01 -5.603015795350074768e-02 5.896026492118835449e-01 -4.273520112037658691e-01 1.131117343902587891e-01 -3.463768959045410156e-01 -5.286234617233276367e-01
-2.983015179634094238e-01 -6.905578970909118652e-01 2.734440937638282776e-02 3.430185914039611816e-01 -3.600611984729766846e-01 2.609023451805114746e-01 -3.276251852512359619e-01 1.006082370877265930e-01 -1.936901956796646118e-01 -3.150589764118194580e-03 -8.816752582788467407e-02 -8.285655081272125244e-02 -5.410449579358100891e-02 -3.340150415897369385e-01 -3.971450626850128174e-01 2.703254520893096924e-01 -4.828858375549316406e-01 1.663371771574020386e-01 3.038641512393951416e-01 -4.492332637310028076e-01
-4.704938530921936035e-01 -5.953232049942016602e-01 3.056097924709320068e-01 -1.345099061727523804e-01 -1.526324898004531860e-01 -2.601745352149009705e-02 2.698235511779785156e-01 -4.081007540225982666e-01 -5.885004401206970215e-01 7.407023012638092041e-02 -3.398429155349731445e-01 1.348398178815841675e-01 -3.892114758491516113e-01 -2.390732616186141968e-01 -6.103633046150207520e-01 6.760741472244262695e-01 -1.651026010513305664e-01 -5.881193280220031738e-01 1.272979378700256348e-01 -5.068961977958679199e-01
-5.565331578254699707e-01 8.534108847379684448e-02 4.018728137016296387e-01 1.656106859445571899e-01 -2.661297023296356201e-01 3.357360064983367920e-01 3.220441192388534546e-02 1.224133744835853577e-02 -9.638720750808715820e-01 -3.038859367370605469e-01 -1.411486715078353882e-01 -3.483556956052780151e-02 1.026012450456619263e-01 -1.185318976640701294e-01 -1.205004826188087463e-01 5.797098278999328613e-01 -2.777087986469268799e-01 -4.208373129367828369e-01 4.979449808597564697e-01 -3.326776921749114990e-01
-6.616219282150268555e-01 -4.101075530052185059e-01 1.183841452002525330e-01 2.068428695201873779e-01 -2.533139884471893311e-01 -1.857336051762104034e-02 -5.467679002322256565e-04 -2.203318029642105103e-01 -7.445200085639953613e-01 5.364308878779411316e-02 -2.271266840398311615e-02 -6.829738020896911621e-01 -1.749195009469985962e-01 -2.739551663398742676e-01 -2.424452006816864014e-01 5.523167252540588379e-01 -7.968338131904602051e-01 -5.786535143852233887e-01 2.089062780141830444e-01 -4.280648231506347656e-01
-5.757967233657836914e-01 7.778227329254150391e-02 2.968468368053436279e-01 1.365731209516525269e-01 4.427823126316070557e-01 -7.099322229623794556e-02 -5.969122052192687988e-02 -3.395048081874847412e-01 -7.219112515449523926e-01 -1.259559020400047302e-02 1.781764626502990723e-01 -1.520566791296005249e-01 -1.401387900114059448e-01 -4.245872143656015396e-03 -7.357043027877807617e-02 3.608379662036895752e-01 -6.310883760452270508e-01 2.763254642486572266e-01 2.396988868713378906e-01 -4.435616135597229004e-01
-3.774567544460296631e-01 -1.770744621753692627e-01 8.361984789371490479e-02 1.246330812573432922e-01 -4.051670432090759277e-02 -5.741361528635025024e-03 -1.131859347224235535e-01 -3.264564573764801025e-01 -4.711376130580902100e-01 -4.513176381587982178e-01 1.196511313319206238e-01 -3.132243156433105469e-01 -1.857109218835830688e-01 -5.177166312932968140e-02 -1.164817139506340027e-01 4.771865904331207275e-01 -7.888945937156677246e-01 1.844469755887985229e-01 -2.818726561963558197e-02 -5.740789771080017090e-01
-4.902602136135101318e-01 -7.925409078598022461e-02 -1.564736068248748779e-01 2.229796350002288818e-01 1.743700727820396423e-02 -2.423759996891021729e-01 1.624694168567657471e-01 -1.709968596696853638e-01 8.072087913751602173e-02 -4.146701693534851074e-01 1.882459409534931183e-02 -2.675001919269561768e-01 -7.704098522663116455e-02 -4.149142280220985413e-02 -5.310202836990356445e-01 4.973374009132385254e-01 -5.758153647184371948e-02 3.482013009488582611e-03 -1.538841575384140015e-01 -3.989862501621246338e-01
1.591102033853530884e-01 -1.232824921607971191e-01 1.236418038606643677e-01 2.108334004878997803e-01 2.671638727188110352e-01 5.699087679386138916e-02 -1.602971255779266357e-01 7.668270170688629150e-02 -7.129855453968048096e-02 2.721520513296127319e-02 -1.671800017356872559e-01 8.782964199781417847e-02 -7.876896113157272339e-02 -5.428950302302837372e-03 -8.029543608427047729e-02 3.917661607265472412e-01 -2.082451134920120239e-01 -3.474217355251312256e-01 -3.212727010250091553e-01 -5.903047323226928711e-01
2.086334824562072754e-01 2.187037616968154907e-01 3.099365234375000000e-01 -4.191922843456268311e-01 -4.678812026977539062e-01 3.613594174385070801e-01 2.171194106340408325e-01 4.000494182109832764e-01 7.502664625644683838e-02 3.687407672405242920e-01 6.687042117118835449e-02 -2.315690964460372925e-01 -6.476861238479614258e-02 -3.363131582736968994e-01 2.184807658195495605e-01 6.851419210433959961e-01 -5.420137047767639160e-01 -2.371863126754760742e-01 -1.845419406890869141e-01 -3.502562642097473145e-02
9.278696030378341675e-02 3.945659101009368896e-01 1.147649362683296204e-01 -3.436267077922821045e-01 -9.490484744310379028e-02 2.355235666036605835e-01 2.473215311765670776e-01 8.138505369424819946e-02 4.290438294410705566e-01 1.307898461818695068e-01 -1.280518248677253723e-02 3.455072045326232910e-01 3.722876608371734619e-01 -2.508649826049804688e-01 2.097248136997222900e-01 1.917937099933624268e-01 -5.060372352600097656e-01 -2.014770954847335815e-01 -2.455320358276367188e-01 -4.067375063896179199e-01
3.856530189514160156e-01 -8.507272601127624512e-02 2.289505451917648315e-01 1.372829228639602661e-01 -2.094290852546691895e-01 1.679999679327011108e-01 2.154008150100708008e-01 -4.515987634658813477e-02 6.192902326583862305e-01 3.497203588485717773e-01 -3.453077375888824463e-01 9.185019880533218384e-02 6.470075249671936035e-02 -1.589958071708679199e-01 1.067138761281967163e-01 3.103389739990234375e-01 -4.975295066833496094e-02 -4.252408146858215332e-01 1.074726507067680359e-01 -2.488441579043865204e-02
2.846039235591888428e-01 1.462690718472003937e-02 -1.276853531599044800e-01 -1.845119521021842957e-02 1.145363319665193558e-02 5.411837697029113770e-01 4.166240692138671875e-01 -1.477984786033630371e-01 4.912909865379333496e-01 -2.856098115444183350e-01 1.579922735691070557e-01 2.530992329120635986e-01 3.084564805030822754e-01 -1.954964101314544678e-01 -2.628119885921478271e-01 -8.982193656265735626e-03 4.871233925223350525e-02 -5.342422127723693848e-01 3.051227629184722900e-01 -2.357472181320190430e-01
2.636895179748535156e-01 3.921644985675811768e-01 3.008287847042083740e-01 -1.240100190043449402e-01 -9.209349751472473145e-02 -1.989216357469558716e-01 4.370659291744232178e-01 -1.006599981337785721e-02 5.370798707008361816e-01 5.720768496394157410e-02 -2.496913373470306396e-01 1.679722219705581665e-01 2.843630611896514893e-01 -1.176326572895050049e-01 8.976349234580993652e-02 1.070085614919662476e-01 5.232572183012962341e-02 -2.882630228996276855e-01 8.729626238346099854e-02 -2.586878538131713867e-01
-4.240509867668151855e-02 3.171304240822792053e-03 1.778958737850189209e-01 -3.835678845643997192e-02 -1.730694770812988281e-01 -1.305238306522369385e-01 -1.261098533868789673e-01 -8.340322971343994141e-02 1.266558021306991577e-01 -1.989237070083618164e-01 2.179404944181442261e-01 2.485636621713638306e-01 1.258789449930191040e-01 -3.662669956684112549e-01 -2.765929326415061951e-02 -5.484888702630996704e-02 1.903398185968399048e-01 -3.770522475242614746e-01 -1.163383275270462036e-01 -2.912087365984916687e-02
3.274915218353271484e-01 3.162954747676849365e-01 1.116945035755634308e-02 -1.733059138059616089e-01 9.498082101345062256e-02 3.005336821079254150e-01 2.868418693542480469e-01 1.786131113767623901e-01 -3.430510759353637695e-01 1.133068501949310303e-01 -8.084876090288162231e-02 2.420874834060668945e-01 1.301377713680267334e-01 -3.242502361536026001e-02 -7.012805342674255371e-02 -1.663051396608352661e-01 1.863249242305755615e-01 -3.913749158382415771e-01 -3.556593134999275208e-02 1.228695809841156006e-01
-1.358009874820709229e-01 2.589859366416931152e-01 -2.035496383905410767e-01 1.628264933824539185e-01 -3.863408416509628296e-02 -3.805788159370422363e-01 3.251393511891365051e-02 -3.490630909800529480e-02 -3.996160328388214111e-01 1.014234125614166260e-01 2.281391322612762451e-01 -2.458395957946777344e-01 1.997946947813034058e-01 4.812803864479064941e-02 7.563897222280502319e-02 -5.303894355893135071e-02 1.592741608619689941e-01 1.491402387619018555e-01 -7.555487751960754395e-02 4.953268542885780334e-02
1.940494924783706665e-01 -2.677131295204162598e-01 -5.960581451654434204e-02 -7.587371021509170532e-02 6.443964689970016479e-02 7.379527390003204346e-02 3.707221150398254395e-02 1.235238984227180481e-01 -3.365395963191986084e-01 -3.296534717082977295e-01 1.231621056795120239e-01 -2.204684317111968994e-01 3.185394704341888428e-01 -5.570468902587890625e-01 3.741075471043586731e-02 -1.032099872827529907e-02 2.528398334980010986e-01 -9.620551019906997681e-02 3.063568472862243652e-02 -2.302974760532379150e-01
-4.905526340007781982e-02 -1.879380941390991211e-01 -3.576894998550415039e-01 -3.157350122928619385e-01 -3.716573491692543030e-02 -1.900466084480285645e-01 4.855379164218902588e-01 3.735642135143280029e-01 -6.730142831802368164e-01 -7.102455198764801025e-02 4.576335102319717407e-02 -2.568705081939697266e-01 2.958030998706817627e-01 -2.764956057071685791e-01 -3.916921839118003845e-02 2.540646195411682129e-01 2.542416192591190338e-02 5.017046928405761719e-01 -1.879899352788925171e-01 3.861683653667569160e-04
-2.367907017469406128e-01 -5.496072769165039062e-01 -6.628889590501785278e-02 -1.850186139345169067e-01 -5.359622240066528320e-01 6.248811632394790649e-02 -1.529024094343185425e-01 -7.195160537958145142e-02 -8.047387599945068359e-01 6.729872524738311768e-02 4.518193006515502930e-01 -3.941719532012939453e-01 2.584779858589172363e-01 -5.941103100776672363e-01 1.930573880672454834e-01 -5.595050379633903503e-02 -5.837636068463325500e-02 3.573079109191894531e-01 6.696018576622009277e-02 2.287602275609970093e-01
