-3.766069710254669189e-01
8.212721347808837891e-01
-1.136412285268306732e-02
-4.027780517935752869e-02
1.723656207323074341e-01
2.344348430633544922e-01
-3.331103026866912842e-01
1.326764822006225586e-01
-9.348505735397338867e-02
1.867713034152984619e-01
-4.502498209476470947e-01
-9.793822467327117920e-02
-2.551935315132141113e-01
-3.503757417201995850e-01
-2.504504919052124023e-01
-1.221190318465232849e-01
-3.424126803874969482e-01
-4.461269378662109375e-01
-3.261603713035583496e-01
-1.485430598258972168e-01
