4.359531775116920471e-02
4.247507546097040176e-03
5.822769924998283386e-02
-4.063547402620315552e-02
-1.234349608421325684e-01
-3.712767958641052246e-01
-2.926304936408996582e-01
-1.949070692062377930e-01
-8.813195675611495972e-02
-4.045389294624328613e-01
1.420677900314331055e-01
-6.039338558912277222e-02
5.507060885429382324e-01
-1.494319587945938110e-01
7.133488655090332031e-01
-1.292271167039871216e-01
-1.772787608206272125e-02
-2.870381474494934082e-01
-3.786719441413879395e-01
6.013098359107971191e-01
8.896424770355224609e-01
8.934612274169921875e-01
1.003573417663574219e+00
1.009704470634460449e+00
8.355697989463806152e-01
9.492379426956176758e-01
9.534489512443542480e-01
8.584596514701843262e-01
8.006904721260070801e-01
5.664452910423278809e-01
6.907287240028381348e-01
9.117983579635620117e-01
1.177270174026489258e+00
1.433451175689697266e+00
3.993208408355712891e-01
8.249553442001342773e-01
9.822098016738891602e-01
1.651196122169494629e+00
7.570928335189819336e-01
1.244355797767639160e+00
2.742715477943420410e-01
-2.222729027271270752e-01
6.116969883441925049e-02
2.989372313022613525e-01
9.843952208757400513e-02
2.697982192039489746e-01
2.984573245048522949e-01
-1.738276630640029907e-01
-2.564522325992584229e-01
-4.210101068019866943e-01
-3.511666506528854370e-02
-2.816855311393737793e-01
5.601785778999328613e-01
2.564438283443450928e-01
-4.604952931404113770e-01
-7.831479609012603760e-02
1.612328737974166870e-01
7.142335921525955200e-02
-2.941268086433410645e-01
2.453835122287273407e-02
2.968372777104377747e-03
5.977565646171569824e-01
-3.831394389271736145e-02
-1.149533987045288086e-01
1.641174256801605225e-01
-1.177939996123313904e-01
-3.786287903785705566e-01
-2.314448803663253784e-01
-5.799900293350219727e-01
-4.095523357391357422e-01
1.443395763635635376e-01
9.198543429374694824e-02
1.070973947644233704e-01
4.451940059661865234e-01
-6.189791113138198853e-02
-2.488249540328979492e-01
-1.479221284389495850e-01
-5.105424672365188599e-02
-3.034373931586742401e-02
2.928618788719177246e-01
